74, 450, Port: 8082
207, 451, Port: 8082
218, 450, Port: 8082
228, 450, Port: 8082
282, 451, Port: 8082
294, 451, Port: 8082
306, 451, Port: 8082
351, 450, Port: 8082
362, 450, Port: 8082
372, 450, Port: 8082
417, 450, Port: 8082
428, 449, Port: 8082
438, 450, Port: 8082
473, 450, Port: 8082
483, 450, Port: 8082
494, 451, Port: 8082
527, 450, Port: 8082
537, 450, Port: 8082
548, 449, Port: 8082
559, 450, Port: 8082
569, 450, Port: 8082
612, 449, Port: 8082
622, 450, Port: 8082
633, 449, Port: 8082
657, 450, Port: 8082
664, 449, Port: 8082
669, 449, Port: 8082
697, 449, Port: 8082
704, 450, Port: 8082
710, 450, Port: 8082
736, 449, Port: 8082
744, 450, Port: 8082
751, 450, Port: 8082
778, 449, Port: 8082
785, 450, Port: 8082
792, 450, Port: 8082
818, 450, Port: 8082
825, 449, Port: 8082
845, 449, Port: 8082
849, 446, Port: 8082
853, 443, Port: 8082
862, 426, Port: 8082
862, 417, Port: 8082
862, 409, Port: 8082
863, 378, Port: 8082
863, 368, Port: 8082
863, 355, Port: 8082
863, 323, Port: 8082
864, 313, Port: 8082
864, 300, Port: 8082
864, 289, Port: 8082
863, 280, Port: 8082
865, 376, Port: 8081
864, 235, Port: 8082
865, 365, Port: 8081
863, 225, Port: 8082
864, 214, Port: 8082
864, 202, Port: 8082
866, 332, Port: 8081
864, 192, Port: 8082
866, 321, Port: 8081
864, 157, Port: 8082
866, 287, Port: 8081
863, 147, Port: 8082
866, 276, Port: 8081
864, 136, Port: 8082
864, 102, Port: 8082
865, 232, Port: 8081
864, 92, Port: 8082
863, 81, Port: 8082
863, 71, Port: 8082
865, 199, Port: 8081
864, 58, Port: 8082
865, 188, Port: 8081
863, 16, Port: 8082
864, 143, Port: 8081
865, 8, Port: 8082
865, 133, Port: 8081
865, 121, Port: 8081
866, 78, Port: 8081
866, 67, Port: 8081
